0.003140
0.003140
0.003248
0.003248
0.002707
0.002815
0.003032
0.003140
0.003789
0.003681
0.003140
0.002707
0.002599
0.002058
0.002167
0.001410
0.000544
0.001085
0.000544
-0.000321
-0.000861
-0.000321
-0.001294
-0.001510
-0.001078
-0.001835
-0.001402
-0.001727
-0.001835
-0.001402
-0.001510
-0.001727
-0.001294
-0.000537
-0.000104
0.000544
0.001626
0.002815
0.002815
0.003789
0.004870
0.005411
0.005735
0.006060
0.006925
0.006709
0.006600
0.005735
0.004978
0.003897
0.002491
0.001734
0.000544
-0.000429
-0.001618
-0.002051
-0.003132
-0.004863
-0.005404
-0.005836
-0.007675
-0.009080
-0.009189
-0.011351
-0.011784
-0.011676
-0.011351
-0.008972
-0.009405
-0.007350
-0.005079
-0.005728
-0.003241
-0.001402
-0.002700
-0.001510
0.001950
0.001301
0.000220
0.001842
0.001085
-0.000537
-0.000537
-0.001402
-0.001943
0.000328
0.000328
0.001626
0.004654
0.004329
0.005519
0.008114
0.012008
0.016117
0.019253
0.022173
0.023471
0.023146
0.024336
0.024769
0.022065
0.021957
0.020875
0.018064
0.014062
0.009845
0.007033
0.001842
-0.000645
-0.002267
-0.005944
-0.010054
-0.011676
-0.013731
-0.015136
-0.014163
-0.015136
-0.012865
-0.011027
-0.008648
-0.006377
-0.005512
-0.002051
-0.002484
-0.003024
-0.001618
-0.000537
0.001626
0.005195
0.004762
0.004978
0.008331
0.009196
0.009304
0.010385
0.015901
0.020984
0.024228
0.024336
0.025417
0.026715
0.024552
0.023146
0.022606
0.019361
0.019253
0.019686
0.012224
0.011899
0.012656
0.007682
0.007790
0.008763
0.007033
0.008547
0.011683
0.014170
0.014819
0.019145
0.024877
0.022822
0.025958
0.032879
0.035367
0.040449
0.043477
0.044126
0.043586
0.044018
0.044018
0.043261
0.039801
0.032987
0.029851
0.023363
0.018604
0.016442
0.012548
0.012332
0.011683
0.011251
0.011683
0.014062
0.017631
0.024985
0.027580
0.029202
0.035799
0.034393
0.034501
0.035907
0.035258
0.039692
0.040666
0.041423
0.044126
0.046181
0.048560
0.046614
0.052453
0.050831
0.039584
0.038719
0.028986
0.020551
0.019145
0.013954
0.007141
-0.003565
-0.006052
-0.015028
-0.021949
-0.017948
-0.026059
-0.023139
-0.023355
-0.032764
-0.028763
-0.024545
-0.028006
-0.020327
-0.015245
-0.015785
-0.009513
-0.008432
-0.010270
-0.011135
-0.002700
-0.001510
-0.001510
0.009953
0.011683
0.014062
0.020443
0.019902
0.018496
0.018388
0.012440
0.002707
0.000761
-0.000970
-0.007026
-0.014055
-0.024112
-0.035900
-0.044551
-0.055041
-0.064991
-0.066829
-0.070182
-0.070398
-0.067694
-0.066288
-0.059692
-0.053636
-0.045417
-0.035576
-0.034819
-0.024545
-0.013190
-0.007350
0.005627
0.007466
0.010926
0.018604
0.019794
0.014495
0.009304
0.005627
-0.002159
-0.005944
-0.009946
-0.016759
-0.021409
-0.028222
-0.040118
-0.036441
-0.045308
-0.059475
-0.064450
-0.073101
-0.073967
-0.067262
-0.066505
-0.071587
-0.060449
-0.050499
-0.048553
-0.044984
-0.041632
-0.051148
-0.051040
-0.042929
-0.054717
-0.066721
-0.073318
-0.072020
-0.067586
-0.066829
-0.076346
-0.090945
-0.075048
-0.057096
-0.058718
-0.056015
-0.040226
-0.014163
0.009412
0.027580
0.044343
0.072244
0.100577
0.112040
0.124153
0.139725
0.168491
0.187308
0.207964
0.216399
0.244624
0.270363
0.264198
0.268200
0.261279
0.258575
0.237163
0.218562
0.199529
0.172925
0.132263
0.102199
0.075488
0.036015
0.011034
-0.004538
-0.019138
-0.034062
-0.049310
-0.065423
-0.067694
-0.063152
-0.052338
-0.042172
-0.019138
0.012548
0.014927
0.017956
0.037205
0.055049
0.065647
0.058293
0.057860
0.064890
0.068134
0.052994
0.029419
0.022281
0.028662
0.044451
0.055589
0.048128
0.048019
0.051913
0.048668
0.034393
0.028337
0.031473
0.020335
0.023471
0.020659
0.013089
0.020875
0.014387
0.008439
0.009304
0.024877
0.030392
0.021849
0.019361
0.009953
0.002707
-0.011135
-0.012541
-0.022274
-0.021949
-0.005079
-0.004322
-0.011460
-0.019246
-0.016867
-0.028114
-0.043578
-0.053203
-0.070614
-0.071263
-0.071371
-0.078184
-0.088674
-0.090621
-0.098407
-0.104787
-0.092675
-0.087052
-0.077535
-0.089972
-0.081645
-0.060016
-0.070398
-0.066613
-0.059151
-0.042713
-0.012865
-0.003889
0.017523
0.041963
0.057969
0.071487
0.071487
0.089763
0.078732
0.067269
0.086843
0.071703
0.064025
0.065647
0.050831
0.041747
0.046181
0.051480
0.023579
0.014711
0.025742
0.022930
0.030068
0.033420
0.038395
0.067269
0.095927
0.102524
0.097008
0.089006
0.089114
0.097874
0.097549
0.087167
0.081544
0.083815
0.065214
0.055373
0.059266
0.030933
0.013954
0.006709
0.003789
0.001950
-0.003565
-0.024977
-0.034494
-0.003673
-0.005404
-0.005836
0.018280
0.016442
0.057860
0.116474
0.126099
0.142321
0.167410
0.183415
0.169681
0.169789
0.184713
0.164598
0.173358
0.179306
0.167734
0.171195
0.139509
0.091926
0.074515
0.042072
-0.004646
-0.043146
-0.049526
-0.051473
-0.082185
-0.089107
-0.109221
-0.112682
-0.109113
-0.127822
-0.135068
-0.143395
-0.123496
-0.143287
-0.147072
-0.134203
-0.129444
-0.112249
-0.131715
-0.100137
-0.052879
-0.021949
0.010710
0.027905
0.066620
0.079489
0.092142
0.098414
0.097982
0.099820
0.080246
0.069432
0.055049
0.046289
0.025093
-0.020327
-0.030925
-0.048120
-0.071371
-0.084024
-0.104139
-0.128146
-0.140042
-0.132040
-0.157670
-0.180596
-0.188058
-0.204928
-0.210876
-0.235966
-0.277168
-0.324319
-0.351355
-0.349408
-0.338378
-0.322480
-0.337621
-0.316749
-0.279656
-0.253485
-0.233262
-0.231099
-0.213688
-0.190005
-0.160373
-0.148477
-0.156264
-0.145882
-0.136257
-0.127714
-0.112141
-0.128146
-0.115710
-0.082834
-0.056231
-0.029087
-0.005836
0.024120
0.044991
0.099820
0.149134
0.183091
0.228295
0.232837
0.254898
0.268632
0.270471
0.272309
0.243219
0.230025
0.209153
0.195419
0.162327
0.091818
0.038935
0.007574
-0.012649
-0.036008
-0.077211
-0.096352
-0.104247
-0.133013
-0.146206
-0.150748
-0.139826
-0.130309
-0.130093
-0.115926
-0.097217
-0.078076
-0.067586
-0.043578
-0.005728
0.028662
0.051047
0.068026
0.079814
0.098739
0.114636
0.118313
0.137670
0.150215
0.163733
0.177035
0.193148
0.211424
0.225267
0.255655
0.280636
0.299561
0.317081
0.329950
0.357202
0.371261
0.363907
0.372883
0.378506
0.361744
0.342603
0.317405
0.299453
0.296533
0.282691
0.272634
0.275121
0.279987
0.267226
0.236406
0.222131
0.198231
0.165788
0.143835
0.125126
0.096360
0.048885
0.004221
-0.027897
-0.071587
-0.130093
-0.160806
-0.193681
-0.219528
-0.224827
-0.241589
-0.270680
-0.281170
-0.273924
-0.279331
-0.267868
-0.233370
-0.204388
-0.166970
-0.121550
-0.097001
-0.075481
-0.050824
-0.008756
0.046289
0.067810
0.094521
0.127938
0.159083
0.178981
0.181252
0.215642
0.231972
0.214561
0.220184
0.224942
0.193905
0.142861
0.122638
0.090195
0.068242
0.071270
0.021632
-0.004538
0.001301
-0.037955
-0.120468
-0.162861
-0.153128
-0.176379
-0.191951
-0.178541
-0.186868
-0.193681
-0.218230
-0.247104
-0.283873
-0.323670
-0.322697
-0.337621
-0.343460
-0.356870
-0.378607
-0.380554
-0.339026
-0.311125
-0.293931
-0.228287
-0.152695
-0.106410
-0.051905
0.029743
0.085978
0.148377
0.197798
0.237920
0.273174
0.297399
0.323353
0.287666
0.251113
0.234783
0.204071
0.147728
0.087708
0.062835
0.013630
-0.031791
-0.075589
-0.153344
-0.198440
-0.206983
-0.236939
-0.285928
-0.292092
-0.322589
-0.364765
-0.383690
-0.392233
-0.413537
-0.407481
-0.366495
-0.356978
-0.326806
-0.276736
-0.243103
-0.171836
-0.098623
-0.047363
0.011683
0.089979
0.189471
0.256088
0.308321
0.342386
0.382075
0.396242
0.400676
0.389321
0.357851
0.319676
0.301508
0.296533
0.241813
0.219968
0.184388
0.130425
0.093007
0.088573
0.046938
0.011359
0.025526
-0.008215
-0.056772
-0.075264
-0.119928
-0.179947
-0.214337
-0.247537
-0.302149
-0.336215
-0.399046
-0.452253
-0.460472
-0.471394
-0.488913
-0.486967
-0.432138
-0.400993
-0.369307
-0.300852
-0.249592
-0.230342
-0.185246
-0.101435
-0.049418
0.063376
0.128478
0.135183
0.158434
0.168059
0.148701
0.147079
0.153676
0.144159
0.132371
0.117231
0.092250
0.081977
0.058509
0.024336
0.025417
0.018280
0.021092
0.011575
0.024552
0.021957
0.003248
-0.007026
-0.038279
-0.029952
-0.044768
-0.062287
-0.091594
-0.104463
-0.087701
-0.115710
-0.109329
-0.098407
-0.090296
-0.072128
-0.027357
0.004221
0.009088
0.041423
0.032339
0.004870
0.037638
0.046722
0.005519
-0.030385
-0.033845
-0.085538
-0.148802
-0.163293
-0.218987
-0.240940
-0.245699
-0.276844
-0.275546
-0.240075
-0.214012
-0.169782
-0.124686
-0.109329
-0.066937
-0.020760
0.008439
0.028121
0.047046
0.031257
0.010602
0.002707
-0.013839
-0.007458
-0.020111
-0.016002
-0.032548
-0.033196
-0.023139
-0.026059
-0.003889
-0.003565
0.005411
0.037421
0.041963
0.038070
0.002707
-0.021084
-0.031682
-0.020003
-0.034062
-0.089323
-0.105761
-0.136474
-0.171728
-0.147612
-0.107058
-0.099056
-0.064774
0.002815
0.024877
0.063051
0.111500
0.145889
0.156487
0.194013
0.245490
0.270903
0.326165
0.376019
0.387158
0.382075
0.413328
0.393214
0.311998
0.267335
0.192391
0.088898
0.017415
-0.048553
-0.126416
-0.187085
-0.218230
-0.254242
-0.253052
-0.254999
-0.258135
-0.210660
-0.180380
-0.119062
-0.125335
-0.119171
-0.062287
-0.038820
0.028770
0.147944
0.250140
0.290045
0.340980
0.442419
0.519093
0.563756
0.622262
0.671467
0.719375
0.767066
0.779070
0.821246
0.889593
0.863314
0.851634
0.873588
0.818651
0.679902
0.639349
0.603986
0.497356
0.399810
0.297182
0.139617
0.048560
-0.024869
-0.151181
-0.225908
-0.261596
-0.345623
-0.416890
-0.431922
-0.490211
-0.581160
-0.574455
-0.596624
-0.659023
-0.637286
-0.634583
-0.668324
-0.665296
-0.621389
-0.630149
-0.606141
-0.507622
-0.477991
-0.402399
-0.240940
-0.122847
-0.055582
0.009304
0.110418
0.188822
0.266902
0.288747
0.308645
0.390402
0.416465
0.382940
0.357310
0.314918
0.229484
0.143294
0.065539
0.025526
-0.017840
-0.092351
-0.116359
-0.125118
-0.192816
-0.300635
-0.336431
-0.386285
-0.460904
-0.517571
-0.580619
-0.633177
-0.663565
-0.748458
-0.882015
-0.908943
-0.893370
-0.964745
-1.000000
-0.942468
-0.947550
-0.906240
-0.799069
-0.751919
-0.700334
-0.600193
-0.522114
-0.489130
-0.376877
-0.278033
-0.284738
-0.210660
-0.086295
-0.109113
-0.125118
-0.016542
0.019686
-0.028222
0.079489
0.169357
0.185686
0.228511
0.258251
0.262576
0.293938
0.307672
0.224077
0.199312
0.245381
0.206450
0.139076
0.205585
0.233486
0.147836
0.150107
0.172168
0.140158
0.128370
0.073217
0.068459
0.157893
0.145457
0.061429
0.057103
0.089763
0.079381
0.061429
0.089114
0.084464
0.054292
0.060672
0.075163
0.090304
0.104470
0.091818
0.139725
0.243867
0.311025
0.263982
0.258359
0.343251
0.340115
0.341629
0.380128
0.399162
0.398080
0.461993
0.520174
0.480269
0.538234
0.606148
0.606797
0.639673
0.735596
0.707912
0.696232
0.740138
0.678605
0.602472
0.559647
0.516497
0.437769
0.370936
0.310484
0.256304
0.207207
0.155622
0.073325
0.025850
0.017739
-0.034819
-0.097434
-0.102949
-0.075048
-0.084889
-0.124253
-0.150316
-0.122956
-0.089107
-0.134203
-0.134419
-0.120144
-0.141124
-0.144260
-0.090296
-0.059259
-0.085970
0.013197
0.101118
0.114528
0.121449
0.154541
0.180063
0.168059
0.211424
0.248518
0.241056
0.227430
0.208180
0.148485
0.112149
0.054184
-0.016867
-0.003889
0.012765
-0.061206
-0.149451
-0.190653
-0.195628
-0.249375
-0.307124
-0.352653
-0.384230
-0.386285
-0.427163
-0.421107
-0.411266
-0.468799
-0.485669
-0.464689
-0.439167
-0.454416
-0.446521
-0.362926
-0.297067
-0.251106
-0.270355
-0.228504
-0.161995
-0.119819
-0.092892
-0.102084
-0.110627
-0.092351
-0.078076
-0.100462
-0.041307
-0.028006
-0.145558
-0.160806
-0.084997
-0.082834
-0.088025
-0.032331
0.006492
-0.005728
0.048344
0.102956
0.108796
0.154757
0.168383
0.160921
0.238677
0.280204
0.209370
0.180603
0.227754
0.213263
0.177900
0.141672
0.074082
0.016442
-0.038820
-0.112574
-0.185354
-0.205037
-0.210984
-0.266246
-0.287334
-0.271220
-0.281061
-0.341622
-0.388015
-0.382933
-0.418620
-0.458850
-0.444466
-0.449657
-0.403696
-0.341189
-0.322156
-0.313072
-0.237696
-0.190545
-0.193898
-0.065964
0.054616
0.108472
0.197258
0.310051
0.340332
0.350497
0.383697
0.384562
0.392132
0.406083
0.436687
0.455396
0.448259
0.429226
0.423061
0.437985
0.421764
0.389104
0.355255
0.357851
0.374613
0.353525
0.311890
0.299886
0.326165
0.280744
0.269930
0.281718
0.268524
0.258683
0.237163
0.235324
0.216723
0.213155
0.177359
0.123720
0.086086
0.053102
-0.028871
-0.106301
-0.156588
-0.186544
-0.201035
-0.214337
-0.232181
-0.218554
-0.233262
-0.254458
-0.262893
-0.240075
-0.217365
-0.189896
-0.122523
-0.060665
-0.035143
-0.024653
0.011034
0.009953
-0.026383
-0.038928
-0.028330
-0.045200
-0.065531
-0.072993
-0.048445
-0.040658
-0.057312
-0.033521
-0.013622
0.002924
0.048128
0.034069
0.035799
0.061862
0.049642
0.061970
0.049533
0.065106
0.043910
-0.013406
-0.054933
-0.071155
-0.096569
-0.175513
-0.189031
-0.150640
-0.182002
-0.220501
-0.238345
-0.246564
-0.276628
-0.291011
-0.314045
-0.321075
-0.306367
-0.351571
-0.383041
-0.380337
-0.359682
-0.364656
-0.336864
-0.303447
-0.259000
-0.191302
-0.181029
-0.137339
-0.063368
-0.034278
0.029202
0.074406
0.124044
0.179306
0.230025
0.260630
0.273066
0.315134
0.325516
0.317405
0.313512
0.296966
0.263874
0.232296
0.212398
0.193256
0.177251
0.145889
0.127829
0.099388
0.049533
0.035475
0.029527
0.040125
0.021957
0.002599
-0.001618
-0.018489
-0.019138
-0.040658
-0.034170
-0.027789
-0.019354
-0.018056
-0.024004
-0.025086
0.002275
0.011359
-0.016326
-0.009621
0.024012
0.041315
0.049101
0.052021
0.058509
0.084572
0.087276
0.048776
0.040125
0.024336
-0.029628
-0.061530
-0.066829
-0.066288
-0.070830
-0.081320
-0.115386
-0.117657
-0.123172
-0.124253
-0.128146
-0.121442
-0.107924
-0.099380
-0.053852
-0.015785
0.001410
0.013846
0.052345
0.063160
0.040882
0.045857
0.055481
0.039368
0.027797
0.005411
-0.014163
-0.033305
-0.062395
-0.103706
-0.121766
-0.141016
-0.178974
-0.230126
-0.275114
-0.298364
-0.317830
-0.324860
-0.336431
-0.349949
-0.352112
-0.350057
-0.351571
-0.352004
-0.367252
-0.377850
-0.337296
-0.301825
-0.307449
-0.266030
-0.230775
-0.211741
-0.217581
-0.185895
-0.149126
-0.175081
-0.142097
-0.149126
-0.159724
-0.143935
-0.140691
-0.158643
-0.172810
-0.135608
-0.146963
-0.113872
-0.100570
-0.104571
-0.072777
-0.069316
-0.072561
-0.074940
-0.056015
-0.070290
-0.094081
-0.077319
-0.048877
-0.031682
-0.038279
-0.036873
-0.050175
-0.055690
-0.014812
0.032987
0.079489
0.134642
0.186119
0.231755
0.264307
0.315567
0.338061
0.364772
0.390726
0.389861
0.394728
0.397431
0.392565
0.392673
0.396891
0.370179
0.353092
0.336330
0.312430
0.290910
0.287449
0.282583
0.220076
0.197258
0.174980
0.125667
0.099496
0.081328
0.054400
0.011791
0.006817
-0.042389
-0.067153
-0.084889
-0.110519
-0.126200
-0.136365
-0.146531
-0.157994
-0.148586
-0.136690
-0.121442
-0.115710
-0.081753
-0.044876
-0.005944
0.043802
0.094305
0.141564
0.188714
0.227538
0.241488
0.246571
0.277933
0.280420
0.238028
0.202232
0.181469
0.144159
0.078840
0.065863
0.035583
-0.003024
-0.032656
-0.041848
-0.032548
-0.015677
-0.005836
-0.019462
-0.006701
0.012656
-0.017516
-0.040009
-0.075589
-0.083808
-0.075264
-0.093973
-0.129877
-0.129444
-0.127281
-0.157670
-0.150748
-0.161238
-0.183192
-0.151073
-0.129552
-0.133121
-0.115061
-0.059800
-0.052013
-0.047796
-0.025086
-0.049202
-0.078076
-0.082618
-0.087376
-0.125010
-0.146963
-0.182002
-0.242022
-0.263326
-0.275654
-0.295445
-0.291335
-0.288199
-0.317938
-0.344542
-0.341406
-0.345731
-0.331024
-0.331348
-0.320858
-0.283333
-0.256080
-0.251322
-0.211958
-0.156696
-0.121874
-0.073967
-0.013622
0.057320
0.132804
0.212938
0.249275
0.285286
0.333735
0.333951
0.308321
0.332761
0.355039
0.332004
0.293613
0.260305
0.178441
0.121016
0.075704
-0.008972
-0.037955
-0.076778
-0.124361
-0.176487
-0.218663
-0.271761
-0.325076
-0.295769
-0.280304
-0.287550
-0.286685
-0.283224
-0.238669
-0.213796
-0.209038
-0.205361
-0.181678
-0.108140
-0.085105
-0.077319
-0.014379
0.078840
0.149999
0.176818
0.226024
0.272417
0.313404
0.356769
0.400135
0.457559
0.527636
0.515849
0.491841
0.484703
0.475187
0.413653
0.350281
0.344008
0.288963
0.256520
0.269606
0.271120
0.274905
0.289396
0.256520
0.251437
0.291775
0.304103
0.315350
0.344549
0.376235
0.378939
0.379371
0.346712
0.297939
0.286260
0.234026
0.187849
0.150864
0.068026
0.015468
-0.016867
-0.068235
-0.089215
-0.062936
-0.046065
-0.060016
-0.040334
-0.009837
-0.007675
0.014711
0.006925
0.011359
0.020767
0.036448
-0.009621
-0.058826
-0.043578
-0.090837
-0.117765
-0.137879
-0.165672
-0.186868
-0.202549
-0.209038
-0.197575
-0.163185
-0.151289
-0.122739
-0.085213
-0.050499
-0.033088
0.004329
0.038178
0.059375
0.078732
0.042180
0.024012
0.030284
0.004654
-0.005295
-0.003024
-0.011460
0.010710
0.015901
0.026607
0.071378
0.125775
0.163841
0.208072
0.228078
0.221698
0.220508
0.208829
0.196176
0.187741
0.181036
0.102091
0.050182
0.023363
-0.043037
-0.098191
-0.140583
-0.191086
-0.226773
-0.241157
-0.259216
-0.274897
-0.261271
-0.263867
-0.279656
-0.247645
-0.204712
-0.198332
-0.206226
-0.182002
-0.163509
-0.155831
-0.174973
-0.171836
-0.153344
-0.182759
-0.196277
-0.183192
-0.180272
-0.185138
-0.155831
-0.142746
-0.132040
-0.125010
-0.103490
-0.076886
-0.064666
-0.060232
-0.046065
-0.005295
0.006168
-0.010486
0.003032
0.020551
-0.012433
-0.068127
-0.104247
-0.153019
-0.198981
-0.226990
-0.247861
-0.227747
-0.222448
-0.247537
-0.267435
-0.267976
-0.259000
-0.250889
-0.264083
-0.229369
-0.202982
-0.219095
-0.228396
-0.269490
-0.287334
-0.291551
-0.296093
-0.312207
-0.313829
-0.304420
-0.271437
-0.262028
-0.256621
-0.211417
-0.175405
-0.145882
-0.083159
-0.030709
-0.023680
0.015036
0.030608
0.029311
0.015036
-0.002700
-0.017407
-0.068019
-0.100786
-0.112249
-0.159184
-0.170539
-0.181461
-0.208173
-0.235317
-0.247213
-0.213472
-0.161995
-0.110735
-0.065748
0.004221
0.053751
0.108472
0.156271
0.196176
0.237163
0.261711
0.265496
0.269930
0.257277
0.212181
0.224618
0.183199
0.137995
0.148701
0.140482
0.124693
0.129884
0.144267
0.156379
0.145673
0.120908
0.083058
0.042180
0.017956
-0.015677
-0.059583
-0.060449
-0.077535
-0.096785
-0.132364
-0.149451
-0.144476
-0.157994
-0.096677
-0.048877
-0.012433
0.054616
0.160489
0.235324
0.278906
0.400676
0.505467
0.568947
0.668655
0.713751
0.743707
0.783071
0.773879
0.756684
0.744464
0.724133
0.677956
0.650812
0.636645
0.616747
0.613070
0.619450
0.602039
0.540830
0.500168
0.466211
0.393214
0.351038
0.287017
0.192175
0.144700
0.047262
-0.021084
-0.062828
-0.119603
-0.159076
-0.198981
-0.218446
-0.279331
-0.303663
-0.277601
-0.308206
-0.287118
-0.266570
-0.258243
-0.205577
-0.177784
-0.136149
-0.100137
-0.034386
0.016442
0.046505
0.109661
0.180603
0.223320
0.240623
0.294803
0.325948
0.301724
0.287341
0.256304
0.216507
0.196392
0.143835
0.054292
-0.000429
-0.056664
-0.120793
-0.204063
-0.273816
-0.354383
-0.432138
-0.468258
-0.539741
-0.592191
-0.644965
-0.695143
-0.736562
-0.754730
-0.746079
-0.731912
-0.711365
-0.704660
-0.682166
-0.664430
-0.635989
-0.595327
-0.530441
-0.462959
-0.409969
-0.310368
-0.234668
-0.202874
-0.173567
-0.126092
-0.097650
-0.033088
0.003356
0.011683
0.061970
0.099928
0.091493
0.068567
0.051156
0.029311
0.001301
-0.008540
-0.014596
-0.052879
-0.064125
-0.084565
-0.149883
-0.203631
-0.265056
-0.290362
-0.335674
-0.354924
-0.366062
-0.399695
-0.371361
-0.379688
-0.364116
-0.335025
-0.278033
-0.213364
-0.178541
-0.102084
-0.041415
0.018064
0.066512
0.088033
0.109661
0.139833
0.149242
0.143726
0.168924
0.174439
0.150972
0.123504
0.138968
0.135724
0.102524
0.086627
0.060564
0.054292
0.060132
0.047262
0.052021
0.038395
0.034285
-0.003673
-0.014812
0.001842
-0.009513
0.014279
0.033420
0.048776
0.063268
0.081220
0.098306
0.106417
0.134102
0.151513
0.150648
0.153784
0.167302
0.180712
0.187416
0.220617
0.235432
0.228944
0.226132
0.256845
0.268092
0.265929
0.230566
0.210667
0.216507
0.189039
0.155082
0.111392
0.077218
0.048668
0.016766
-0.009729
-0.029844
-0.084132
-0.143395
-0.174107
-0.178650
-0.178974
-0.178109
-0.129877
-0.123496
-0.107599
-0.061746
-0.023463
-0.002159
0.013954
0.033312
0.050831
0.067269
0.087924
0.102091
0.141347
0.155406
0.148377
0.139509
0.132804
0.141239
0.157785
0.174872
0.198880
0.216183
0.226997
0.255331
0.259656
0.252843
0.235649
0.235757
0.211965
0.172385
0.173033
0.153135
0.102524
0.094413
0.065647
0.008763
-0.005512
-0.063477
-0.070722
-0.052338
-0.027249
-0.002808
0.009196
0.031798
0.039476
0.091926
0.126964
0.168924
0.200610
0.192175
0.224510
0.241272
0.249923
0.242786
0.257494
0.284746
0.278798
0.266037
0.236189
0.238352
0.187849
0.165463
0.177035
0.129019
0.087492
0.040990
0.014387
-0.016542
-0.057853
-0.080347
-0.147288
-0.164266
-0.178109
-0.229801
-0.258351
-0.267976
-0.244185
-0.237588
-0.235533
-0.200170
-0.187301
-0.126308
-0.070614
-0.034062
0.054075
0.118962
0.172276
0.265172
0.371369
0.456694
0.516822
0.607338
0.663465
0.706722
0.769121
0.771933
0.765877
0.750736
0.709858
0.682930
0.652975
0.604418
0.526014
0.466860
0.357851
0.235540
0.099171
-0.003673
-0.114304
-0.215959
-0.310909
-0.397857
-0.499836
-0.601923
-0.640098
-0.693413
-0.734508
-0.790310
-0.792364
-0.778414
-0.762192
-0.726613
-0.694927
-0.633610
-0.592623
-0.554124
-0.517896
-0.453550
-0.380229
-0.328969
-0.249051
-0.160481
-0.103598
-0.024653
0.003140
0.001950
0.023579
0.067593
0.112906
0.142212
0.181793
0.205044
0.199637
0.200502
0.198015
0.197041
0.192067
0.202989
0.234892
0.245273
0.223428
0.208504
0.183740
0.129884
0.096792
0.021092
-0.039901
-0.106842
-0.161671
-0.182759
-0.232505
-0.277817
-0.296959
-0.327780
-0.363791
-0.357195
-0.347245
-0.342379
-0.322048
-0.284198
-0.246996
-0.200062
-0.161887
-0.146747
-0.132580
-0.126849
-0.117116
-0.131283
-0.110735
-0.097001
-0.118954
-0.120793
-0.129552
-0.140475
-0.134527
-0.140691
-0.144692
-0.108356
-0.054393
-0.032115
-0.005512
0.035150
0.058185
0.096035
0.122963
0.130857
0.145349
0.154541
0.186335
0.166653
0.183199
0.182983
0.165788
0.187525
0.198663
0.208504
0.211857
0.217697
0.210019
0.182874
0.173682
0.185794
0.172493
0.176602
0.169573
0.144808
0.123612
0.091709
0.064674
0.027472
0.002707
-0.046714
-0.068992
-0.075805
-0.113980
-0.130093
-0.151397
-0.131283
-0.108140
-0.089864
-0.054393
-0.045417
0.014927
0.059483
0.094521
0.144375
0.172493
0.210235
0.246787
0.265604
0.275229
0.295344
0.293181
0.282799
0.268200
0.227105
0.182874
0.162543
0.136589
0.106958
0.051264
0.028986
0.036124
0.037421
0.017847
-0.007350
-0.023247
-0.030709
-0.007675
-0.022274
-0.028546
-0.000861
-0.021084
-0.022490
-0.016326
-0.007675
0.003789
0.006817
0.043694
0.048560
0.094846
0.167734
0.221265
0.314161
0.381318
0.423494
0.449448
0.469455
0.469455
0.443933
0.426630
0.377749
0.333735
0.274472
0.201583
0.151188
0.037529
-0.063801
-0.174540
-0.268733
-0.362169
-0.483614
-0.570886
-0.702497
-0.779712
-0.819941
-0.887098
-0.882989
-0.871958
-0.860927
-0.829566
-0.790850
-0.725748
-0.684221
-0.605060
-0.509569
-0.428353
-0.329077
-0.224070
-0.103165
-0.013082
0.093332
0.171519
0.219427
0.291991
0.335898
0.370720
0.408029
0.414085
0.396242
0.385319
0.409111
0.352768
0.307888
0.263874
0.204936
0.162435
0.101334
0.046181
-0.013298
-0.081537
-0.145341
-0.195304
-0.236290
-0.280629
-0.309287
-0.326698
-0.335890
-0.315343
-0.287226
-0.243428
-0.198224
-0.152911
-0.097326
-0.038279
0.014711
0.053859
0.130641
0.182442
0.199204
0.215426
0.233918
0.248626
0.251329
0.235865
0.224185
0.204287
0.213371
0.211208
0.223104
0.242894
0.242786
0.229160
0.220076
0.210127
0.197798
0.167194
0.141131
0.135183
0.091709
0.020118
-0.042713
-0.077643
-0.100570
-0.120144
-0.138853
-0.137447
-0.153668
-0.163618
-0.160373
-0.138636
-0.103814
-0.071155
-0.052554
-0.022706
-0.004214
-0.013731
-0.018705
-0.008107
0.009520
-0.000645
-0.015028
-0.018273
-0.041848
-0.060449
-0.054933
-0.076454
-0.093324
-0.082834
-0.064558
-0.087593
-0.082834
-0.045957
-0.040875
-0.036333
-0.005944
0.022822
0.052021
0.061537
0.075380
0.105876
0.157028
0.203097
0.248518
0.301075
0.348767
0.371909
0.336655
0.320541
0.282475
0.201043
0.146646
0.080138
0.025417
-0.031358
-0.091918
-0.133878
-0.197466
-0.211958
-0.203306
-0.214986
-0.229044
-0.186652
-0.138745
-0.158319
-0.133986
-0.089539
-0.053960
-0.001186
0.022173
0.080571
0.131506
0.167626
0.206774
0.207639
0.217372
0.227646
0.230674
0.230998
0.207207
0.201908
0.196176
0.166545
0.104146
0.056995
0.014170
-0.042064
-0.051905
-0.098191
-0.147720
-0.167511
-0.215202
-0.247213
-0.278682
-0.275979
-0.284955
-0.280845
-0.266895
-0.266895
-0.271004
-0.284090
-0.280845
-0.283657
-0.256945
-0.224178
-0.247645
-0.212282
-0.183083
-0.163185
-0.150208
-0.128146
-0.066072
-0.047363
-0.009189
0.018713
0.016009
0.023795
0.004005
0.008439
0.004978
-0.035684
-0.028438
-0.026924
-0.020760
-0.034278
-0.061097
-0.062936
-0.042929
0.001842
0.008980
0.022606
0.072568
0.134859
0.206558
0.196176
0.240191
0.301832
0.320541
0.347036
0.338061
0.318054
0.295019
0.249923
0.196176
0.177684
0.172601
0.132371
0.111608
0.100577
0.118313
0.134967
0.156812
0.195635
0.211100
0.229484
0.214020
0.183307
0.192824
0.167843
0.123287
0.100577
0.073109
0.009628
-0.051797
-0.067153
-0.117657
-0.164699
-0.199846
-0.242887
-0.272086
-0.331348
-0.383473
-0.424460
-0.479721
-0.522438
-0.608628
-0.624309
-0.642477
-0.626040
-0.597057
-0.612413
-0.543093
-0.501891
-0.454956
-0.377309
-0.288632
-0.176162
-0.066937
0.043586
0.144916
0.273174
0.355363
0.401757
0.492814
0.524933
0.536180
0.521472
0.493247
0.462317
0.392132
0.341089
0.233594
0.123828
0.021200
-0.087809
-0.159400
-0.196277
-0.262785
-0.343136
-0.392017
-0.433868
-0.459174
-0.511515
-0.545473
-0.521140
-0.483831
-0.465771
-0.435599
-0.380554
-0.292957
-0.225259
-0.129552
-0.033953
0.040882
0.086627
0.126964
0.190877
0.218454
0.230350
0.237163
0.254574
0.250464
0.215101
0.191093
0.158326
0.122314
0.094954
0.066296
0.040882
0.009845
0.007790
0.000220
-0.027249
0.010926
0.005952
-0.008215
-0.022382
-0.018164
-0.001943
-0.019138
-0.023139
-0.014704
0.000653
0.034393
0.024660
0.073001
0.148809
0.163733
0.205044
0.264198
0.301616
0.262036
0.265172
0.257926
0.211641
0.164490
0.098847
0.066079
0.015360
-0.069208
-0.154750
-0.206767
-0.270572
-0.348327
-0.341189
-0.378931
-0.409969
-0.372443
-0.339026
-0.333944
-0.286577
-0.254458
-0.224178
-0.190870
-0.159724
-0.122523
-0.090188
-0.039252
0.000004
0.010385
0.027905
0.047262
0.039909
0.025958
0.040233
0.069540
0.078840
0.086194
0.069432
0.074406
0.044018
0.010818
-0.006052
-0.008648
0.003464
-0.013839
0.045748
0.041423
0.035691
0.069324
0.063160
0.061105
0.075596
0.056346
0.053643
0.065647
0.075704
0.017307
-0.010270
-0.048985
-0.102949
-0.160265
-0.199738
-0.239967
-0.275762
-0.266895
-0.240075
-0.220826
-0.227855
-0.160157
-0.121874
-0.049094
0.034718
0.073433
0.140266
0.198988
0.250248
0.262684
0.295560
0.323137
0.334924
0.306699
0.266794
0.253925
0.210127
0.144808
0.109661
0.096684
0.061321
0.000004
-0.016434
-0.012433
-0.028330
-0.015136
-0.016542
-0.012108
0.005411
0.004978
0.013197
0.027256
0.051480
0.024120
0.049533
0.079165
0.062835
0.070189
0.069864
0.086302
0.084680
0.079273
0.079381
0.078191
0.117988
0.089114
0.079057
0.115501
0.057428
0.076786
0.093115
0.026931
-0.003998
-0.017191
-0.046174
-0.109870
-0.179190
-0.220826
-0.276628
-0.338378
-0.404237
-0.416890
-0.410726
-0.433328
-0.433436
-0.403372
-0.363899
-0.328212
-0.258135
-0.149343
-0.046714
0.027580
0.140698
0.254790
0.350605
0.420898
0.513578
0.592522
0.617179
0.685418
0.707479
0.699801
0.683579
0.668980
0.608095
0.539965
0.487623
0.388672
0.334816
0.281718
0.164490
0.046830
-0.049634
-0.164699
-0.278358
-0.379905
-0.451820
-0.502540
-0.510867
-0.510326
-0.495186
-0.424892
-0.352761
-0.264624
-0.185354
-0.111492
-0.042064
0.018172
0.036664
0.086951
0.169465
0.189579
0.219103
0.248301
0.262684
0.268740
0.296317
0.283881
0.299345
0.343143
0.328760
0.324326
0.331139
0.356877
0.344441
0.359149
0.373532
0.350713
0.307240
0.290045
0.284097
0.258791
0.183199
0.110202
0.113122
0.039368
-0.019246
-0.072993
-0.135500
-0.171512
-0.216500
-0.317290
-0.407049
-0.421107
-0.471178
-0.543634
-0.610034
-0.637719
-0.658374
-0.678273
-0.674380
-0.640423
-0.610034
-0.566236
-0.502215
-0.479829
-0.443385
-0.398830
-0.328861
-0.265489
-0.206659
-0.121982
-0.063801
0.002167
0.049209
0.125234
0.204503
0.226889
0.278690
0.329950
0.394728
0.434092
0.474321
0.545696
0.581059
0.560187
0.530448
0.475944
0.382075
0.302698
0.188174
0.077759
-0.011892
-0.095055
-0.192600
-0.290903
-0.390827
-0.474206
-0.521789
-0.561478
-0.586243
-0.556828
-0.516274
-0.466311
-0.403480
-0.331673
-0.295985
-0.214878
-0.122090
-0.102625
-0.044119
-0.031034
0.011683
0.020767
0.024120
0.042720
0.022714
0.047695
0.029635
-0.004106
-0.040983
-0.088782
-0.070073
-0.060340
-0.065099
-0.066072
-0.066613
-0.079482
-0.122847
-0.120901
-0.133337
-0.115277
-0.071587
-0.051905
-0.004322
0.032555
0.052561
0.052345
0.059375
0.072027
0.070081
0.078948
0.087492
0.096900
0.134426
0.188390
0.229809
0.257494
0.284205
0.284313
0.271444
0.294479
0.332545
0.372991
0.416032
0.473781
0.478863
0.473024
0.426846
0.348550
0.277392
0.200069
0.108472
-0.009405
-0.078725
-0.141881
-0.179623
-0.232829
-0.301392
-0.379580
-0.414727
-0.418728
-0.463500
-0.450090
-0.418512
-0.347137
-0.253809
-0.190113
-0.096352
-0.005944
0.070946
0.169032
0.279987
0.339791
0.404028
0.476809
0.523959
0.546561
0.526771
0.539640
0.554780
0.494220
0.464480
0.453125
0.442743
0.410084
0.326597
0.272525
0.220400
0.155406
0.107607
0.055698
0.023255
0.013630
-0.058610
-0.117224
-0.172377
-0.221258
-0.272734
-0.313396
-0.363359
-0.395369
-0.405967
-0.463500
-0.478964
-0.475720
-0.449874
-0.402182
-0.350165
-0.287334
-0.253701
-0.173783
-0.097326
0.002058
0.146646
0.213804
0.311025
0.393863
0.439607
0.490543
0.533043
0.543641
0.573273
0.613610
0.617071
0.585817
0.574246
0.544074
0.455504
0.405650
0.314593
0.225807
0.223536
0.182766
0.098414
0.061537
0.027472
-0.036549
-0.073534
-0.077643
-0.082510
-0.036116
-0.015245
0.029635
0.083382
0.078191
0.040990
0.013197
0.022606
-0.020652
-0.064125
-0.067370
-0.067802
-0.085213
-0.084673
-0.109654
-0.161563
-0.209795
-0.277925
-0.332862
-0.382068
-0.385744
-0.371361
-0.365413
-0.340540
-0.311450
-0.322372
-0.320534
-0.288523
-0.273708
-0.202333
-0.139826
-0.105220
-0.041740
0.010818
0.058185
0.095386
0.139941
0.143618
0.125991
0.170222
0.160489
0.147512
0.157569
0.197366
0.209802
0.192175
0.189039
0.192824
0.207531
0.211533
0.208288
0.211641
0.198988
0.192175
0.144592
0.108472
0.086627
0.019578
-0.021517
-0.054176
-0.118954
-0.163834
-0.195520
-0.243536
-0.322372
-0.364981
-0.378066
-0.428137
-0.443601
-0.437005
-0.391152
-0.309071
-0.235641
-0.171512
-0.052554
0.049858
0.140698
0.227213
0.322488
0.375586
0.441446
0.506873
0.555213
0.606257
0.654056
0.677091
0.671900
0.673306
0.617179
0.521796
0.439067
0.362717
0.273174
0.188606
0.081111
0.002058
-0.098515
-0.182326
-0.221799
-0.256297
-0.253485
-0.305394
-0.326374
-0.348002
-0.349841
-0.331132
-0.336323
-0.296093
-0.251322
-0.194763
-0.154642
-0.146639
-0.100678
-0.072236
-0.048337
-0.037522
-0.045200
-0.006701
0.036124
0.098739
0.185037
0.289720
0.358824
0.412680
0.477458
0.495842
0.521039
0.551644
0.553050
0.529258
0.483405
0.452260
0.384022
0.303671
0.210019
0.122206
0.023038
-0.092243
-0.155182
-0.250565
-0.351571
-0.399046
-0.471610
-0.515841
-0.523736
-0.494645
-0.455497
-0.437329
-0.382284
-0.318804
-0.241589
-0.192384
-0.183840
-0.116791
-0.047363
0.000977
0.013954
0.080246
0.150648
0.156920
0.159299
0.129560
0.109986
0.082842
0.023903
-0.074399
-0.184057
-0.274357
-0.333727
-0.399154
-0.466960
-0.551096
-0.607763
-0.659240
-0.723693
-0.761111
-0.765328
-0.723152
-0.699469
-0.655022
-0.614144
-0.549366
-0.449765
-0.392666
-0.317181
-0.210444
-0.115710
-0.037198
0.019361
0.116907
0.200069
0.256953
0.306266
0.353958
0.398945
0.438526
0.466103
0.486217
0.500925
0.513037
0.507089
0.473997
0.475187
0.429874
0.389429
0.381318
0.336655
0.293830
0.242245
0.162003
0.104903
0.056022
0.028121
-0.050067
-0.100786
-0.186760
-0.273167
-0.326698
-0.401750
-0.445223
-0.528278
-0.537470
-0.542877
-0.577699
-0.554124
-0.570346
-0.543959
-0.471286
-0.443277
-0.396991
-0.343677
-0.291984
-0.242346
-0.192924
-0.152695
-0.144801
-0.111925
-0.100354
-0.087268
-0.048985
-0.024220
-0.009729
0.024120
0.020767
0.016442
0.011251
0.018280
0.056238
0.072135
0.091493
0.102416
0.091277
0.080679
0.044559
0.013738
-0.012217
-0.055907
-0.124253
-0.191519
-0.206442
-0.272518
-0.299013
-0.261920
-0.253377
-0.222664
-0.186003
-0.126957
-0.015461
0.081111
0.174980
0.253492
0.368990
0.476917
0.521580
0.560836
0.589494
0.615665
0.642701
0.592522
0.537261
0.505791
0.447718
0.341629
0.223104
0.123828
0.058942
-0.024437
-0.084673
-0.138204
-0.170971
-0.202225
-0.223313
-0.236182
-0.268841
-0.261271
-0.253485
-0.244076
-0.260514
-0.244833
-0.253160
-0.266787
-0.294579
-0.311342
-0.268192
-0.266030
-0.243319
-0.233478
-0.201576
-0.129660
-0.094189
-0.051365
0.008655
0.090844
0.120584
0.170222
0.224726
0.240191
0.237487
0.226673
0.226456
0.185145
0.150215
0.147620
0.103389
0.038719
-0.033953
-0.094730
-0.158751
-0.247429
-0.289064
-0.343352
-0.357735
-0.379256
-0.406616
-0.387150
-0.347678
-0.288199
-0.244509
-0.143395
-0.011135
0.105119
0.219103
0.341737
0.453990
0.521580
0.567109
0.607122
0.591116
0.581384
0.581384
0.546237
0.510874
0.421007
0.373532
0.318162
0.248085
0.182983
0.134426
0.069973
0.003681
-0.028763
-0.080671
-0.129012
-0.174540
-0.233046
-0.282792
-0.304096
-0.317181
-0.321183
-0.300311
-0.275871
-0.223637
-0.175081
-0.121982
-0.074075
-0.017732
0.073001
0.146971
0.267226
0.397539
0.484379
0.541046
0.595550
0.657733
0.705316
0.722727
0.752467
0.778854
0.781017
0.749006
0.699584
0.656651
0.591765
0.460803
0.318270
0.207207
0.097982
-0.053636
-0.176703
-0.299230
-0.405751
-0.516706
-0.614576
-0.661727
-0.742402
-0.802097
-0.846652
-0.816264
-0.781226
-0.759272
-0.714501
-0.635340
-0.541579
-0.459174
-0.350706
-0.228287
-0.077752
0.031690
0.135075
0.279879
0.384779
0.467833
0.561269
0.630913
0.684553
0.650487
0.626804
0.607014
0.557268
0.478755
0.394295
0.307131
0.181469
0.059699
-0.060232
-0.195736
-0.315235
-0.475720
-0.592948
-0.678814
-0.764463
-0.838650
-0.891208
-0.909268
-0.897696
-0.887206
-0.848166
-0.789877
-0.727803
-0.671568
-0.577916
-0.437870
-0.339783
-0.197683
-0.073967
0.084464
0.233918
0.367259
0.484919
0.574246
0.649838
0.702072
0.726404
0.754521
0.741003
0.683904
0.615557
0.525581
0.400027
0.256412
0.134210
0.017956
-0.107058
-0.233803
-0.375687
-0.505459
-0.654157
-0.724883
-0.805017
-0.868822
-0.905591
-0.954796
-0.947442
-0.960203
-0.929707
-0.913161
-0.862550
-0.787498
-0.723909
-0.619659
-0.523087
-0.420242
-0.323886
-0.263650
-0.182975
-0.137447
-0.103382
-0.057745
-0.007026
0.055481
0.103930
0.141996
0.133128
0.149566
0.154973
0.137238
0.141564
0.181901
0.186011
0.152702
0.132804
0.120367
0.086302
0.037529
-0.020435
-0.059800
-0.089107
-0.112574
-0.153452
-0.194655
-0.199521
-0.232072
-0.228287
-0.220393
-0.221258
-0.208822
-0.151830
-0.079590
-0.005944
0.077434
0.132480
0.210667
0.309943
0.390402
0.465778
0.538991
0.606473
0.661194
0.704127
0.750088
0.790209
0.787830
0.763065
0.725215
0.682930
0.627020
0.567866
0.498113
0.422412
0.332545
0.255331
0.164382
0.095927
0.058617
-0.002916
-0.054501
-0.115602
-0.126308
-0.117981
-0.143178
-0.109005
-0.073210
-0.014163
0.001518
0.043477
0.093764
0.107498
0.088681
0.068459
0.068350
0.064133
0.067377
0.099604
0.095494
0.066404
0.054184
0.009628
-0.012000
-0.043037
-0.051581
-0.059151
-0.088025
-0.098407
-0.130958
-0.140259
-0.163293
-0.185463
-0.186111
-0.209795
-0.241265
-0.239859
-0.257594
-0.260406
-0.268733
-0.279656
-0.264516
-0.279115
-0.243644
-0.193249
-0.121442
-0.049634
-0.018921
0.047371
0.118745
0.186768
0.277933
0.349416
0.457018
0.540073
0.640430
0.730081
0.752791
0.771500
0.749114
0.748357
0.740787
0.687256
0.654597
0.588629
0.522662
0.487191
0.382940
0.299021
0.237054
0.176710
0.115393
0.062403
-0.008323
-0.072993
-0.109654
-0.182326
-0.224719
-0.269706
-0.316208
-0.362277
-0.386069
-0.394720
-0.423162
-0.411807
-0.394072
-0.368982
-0.355681
-0.310477
-0.253701
-0.215635
-0.144260
-0.069965
-0.019354
0.063917
0.143943
0.230674
0.315242
0.367043
0.432470
0.487515
0.566568
0.612096
0.643134
0.660869
0.629832
0.579004
0.472159
0.345847
0.249707
0.147187
0.015793
-0.089755
-0.203523
-0.347137
-0.483506
-0.612630
-0.705633
-0.828376
-0.883205
-0.878663
-0.878014
-0.842219
-0.783497
-0.694386
-0.596949
-0.473016
-0.315451
-0.193573
-0.061854
0.068350
0.177684
0.300967
0.406515
0.510982
0.578788
0.648973
0.740895
0.766525
0.776907
0.773230
0.719699
0.650271
0.539748
0.451395
0.348118
0.231539
0.132804
-0.020868
-0.146855
-0.281061
-0.404345
-0.493996
-0.556287
-0.617280
-0.618253
-0.606033
-0.620200
-0.582998
-0.520383
-0.468691
-0.405102
-0.319452
-0.200170
-0.103165
-0.026383
0.064349
0.124153
0.193797
0.231864
0.246138
0.242137
0.270903
0.300751
0.260197
0.212938
0.167626
0.123828
0.038178
-0.041956
-0.121766
-0.199846
-0.267976
-0.371253
-0.475720
-0.530765
-0.641180
-0.724126
-0.759813
-0.808370
-0.827078
-0.840596
-0.830755
-0.761219
-0.700659
-0.650156
-0.566777
-0.476369
-0.366819
-0.268733
-0.144152
-0.016867
0.111067
0.212506
0.292208
0.414302
0.506007
0.565703
0.652326
0.752142
0.823625
0.817677
0.788911
0.771608
0.713427
0.638808
0.557376
0.495085
0.396782
0.288098
0.211208
0.144375
0.061105
-0.026924
-0.108032
-0.132472
-0.164807
-0.224502
-0.218771
-0.208389
-0.212823
-0.244617
-0.225908
-0.174432
-0.168808
-0.141773
-0.112574
-0.067910
-0.049851
-0.034819
-0.004214
0.075704
0.150648
0.191634
0.272093
0.300427
0.340548
0.348010
0.330599
0.363366
0.360879
0.366827
0.337736
0.304212
0.266686
0.191742
0.138211
0.108255
0.092358
0.059158
0.063484
0.083382
0.087167
0.106525
0.103281
0.112906
0.142753
0.173466
0.202124
0.290694
0.342603
0.378614
0.416897
0.414085
0.402730
0.373856
0.375262
0.379588
0.388996
0.381751
0.345414
0.309619
0.259224
0.164706
0.047371
-0.009189
-0.071587
-0.149126
-0.221366
-0.286685
-0.327131
-0.408887
-0.475287
-0.512381
-0.537254
-0.556071
-0.565047
-0.505676
-0.418620
-0.326049
-0.237047
-0.172810
-0.111168
-0.014379
0.066945
0.160813
0.241705
0.328219
0.421764
0.442527
0.469239
0.526663
0.550563
0.533043
0.522986
0.510766
0.497464
0.516714
0.528826
0.525690
0.490327
0.417762
0.343900
0.248301
0.153892
0.056887
-0.010594
-0.101651
-0.186760
-0.288632
-0.402074
-0.460039
-0.522114
-0.578456
-0.607980
-0.608520
-0.616307
-0.598679
-0.561802
-0.555962
-0.538659
-0.492050
-0.467285
-0.422405
-0.363791
-0.308530
-0.225692
-0.134311
-0.077211
-0.035251
-0.023463
0.005519
0.054832
0.130966
0.202557
0.229592
0.264955
0.255871
0.229268
0.174331
0.169789
0.158110
0.149026
0.147836
0.149242
0.157028
0.138319
0.136265
0.089547
0.068675
0.056130
0.025417
0.004978
-0.024761
